Rectangle 150 275 100 25 000000 e1b283
Rectangle 250 275 100 25 000000 e1b283
Rectangle 220 400 15 75 000000 a52319
Rectangle 265 400 15 75 000000 a52319
Triangle 250 250 325 400 175 400 000000 fc2c73
Circle 250 225 50 000000 e1b283
LineSegment 350 275 425 125 000000
Circle 425 125 50 000000 ffc107

Triangle 200 150 200 200 250 175 000000 fc0056
Triangle 300 150 300 200 250 175 000000 fc0056

Circle 235 220 2 000000 000000
Circle 265 220 2 000000 000000
LineSegment 250 230 250 225 b58556

LineSegment 230 240 250 250 f71100
LineSegment 270 240 250 250 f71100